2 13 0
2 7 1
2 121 0
3 12 0
2 14 1
3 8 1
2 113 0
3 120 0
1 14 0
2 14 1
2 53 0
1 4 1
1 123 0
1 12 1
3 14 1
0 14 0
3 115 0
1 1 0
1 1 1
1 114 0
3 13 1
3 50 0
2 25 1
1 14 1
2 37 0
1 56 0
3 31 1
3 33 0
0 3 1
1 17 1
0 125 0
2 13 1
0 11 1
1 41 0
3 14 1
3 46 0
3 44 1
0 117 0
3 25 0
3 13 1
3 42 0
1 13 1
3 56 1
3 18 0
1 49 0
2 47 0
3 13 1
2 42 1
0 14 1
2 26 0
2 14 1
2 43 0
0 62 0
2 53 1
3 40 0
3 63 1
2 19 0
0 4 1
1 38 1
1 29 0
1 12 1
0 47 0
3 12 0
2 13 1
1 45 0
0 15 1
2 40 0
0 49 0
0 34 1
1 50 1
2 62 1
0 30 0
2 14 0
0 14 1
2 13 1
1 21 0
3 13 1
3 39 0
2 38 0
1 13 1
1 41 0
2 28 1
1 60 1
3 25 1
2 12 0
0 45 0
0 48 1
3 18 0
2 28 1
2 10 0
2 12 1
0 23 0
0 13 1
1 15 0
0 41 0
3 25 1
1 13 1
2 38 0
1 39 0
1 66 1
2 22 1
0 58 1
1 11 0
2 29 0
3 9 0
3 13 1
0 16 0
2 21 1
0 13 1
2 7 0
0 40 0
3 37 0
2 12 1
2 37 0
1 13 1
1 38 0
1 22 1
1 26 0
0 64 1
2 19 1
0 12 0
1 22 1
0 13 1
2 38 0
2 18 1
1 8 0
0 38 0
3 21 1
0 24 1
3 32 0
1 12 1
2 5 0
3 20 1
0 22 0
0 24 1
2 13 1
3 7 0
2 35 0
0 8 0
3 12 1
3 36 0
3 20 1
1 37 0
2 19 1
3 38 0
0 13 1
2 42 0
1 20 1
2 18 1
0 37 0
0 20 1
1 36 0
1 19 1
3 19 1
0 34 0
1 5 0
1 13 1
1 36 0
0 20 1
2 3 0
1 18 1
3 4 0
1 42 0
3 12 1
0 6 0
0 12 1
2 12 1
2 36 0
2 17 1
3 36 0
1 18 1
2 45 0
2 18 1
3 18 1
0 36 0
3 44 0
2 2 0
0 19 1
3 17 1
1 3 0
1 12 1
0 40 0
2 12 1
3 3 0
0 18 1
2 35 0
2 17 1
3 12 1
1 36 0
1 18 1
0 4 0
1 45 0
2 47 0
2 17 1
0 12 1
0 36 0
3 35 0
1 17 1
0 18 1
0 44 0
2 2 0
2 12 1
1 2 0
2 36 0
2 16 1
1 12 1
3 18 1
1 35 0
0 17 1
3 46 0
2 47 0
1 17 1
2 17 1
3 17 1
2 2 0
2 12 1
0 3 0
3 2 0
3 12 1
2 35 0
1 48 0
1 16 1
3 36 0
3 16 1
2 18 1
0 12 1
1 2 0
3 48 0
3 16 1
1 12 1
1 35 0
2 46 0
3 2 0
0 36 0
2 17 1
1 17 1
3 12 1
3 35 0
2 2 0
2 12 1
2 36 0
2 18 1
2 44 0
2 17 1
3 17 1
0 17 1
2 4 0
1 48 0
1 16 1
2 12 1
2 36 0
1 2 0
0 46 0
1 12 1
1 36 0
2 19 1
2 40 0
1 16 1
1 48 0
1 16 1
2 18 1
2 5 0
1 2 0
3 48 0
0 17 1
0 2 0
1 12 1
0 12 1
2 13 1
1 36 0
2 37 0
2 21 1
2 32 0
0 35 0
2 20 1
3 16 1
2 8 0
1 18 1
1 44 0
0 17 1
3 2 0
0 47 0
1 18 1
0 17 1
1 3 0
3 12 1
3 35 0
1 12 1
3 18 1
2 13 1
2 38 0
1 36 0
0 2 0
0 12 1
3 45 0
1 19 1
2 25 1
1 40 0
3 18 1
3 2 0
0 35 0
3 13 1
3 35 0
0 17 1
0 47 0
2 20 0
2 24 1
0 17 1
0 2 0
3 19 1
3 42 0
3 18 1
3 4 0
1 18 1
2 12 0
0 12 1
1 5 0
0 36 0
0 17 1
3 12 1
2 13 1
1 13 1
1 36 0
1 21 1
2 39 0
0 46 0
3 37 0
1 34 0
3 19 1
0 17 1
3 38 0
0 2 0
0 13 1
3 19 1
1 20 1
3 6 0
2 64 1
2 15 0
0 36 0
1 7 0
2 13 1
1 13 1
0 18 1
1 38 0
0 42 0
0 18 1
0 4 0
0 12 1
3 12 1
1 23 1
0 37 0
3 37 0
1 24 0
3 22 1
3 30 0
2 42 0
2 56 1
2 20 0
0 20 1
3 21 1
0 36 0
2 13 1
2 46 0
0 19 1
2 46 1
2 28 0
0 7 0
3 9 0
3 12 1
1 23 1
2 12 1
2 50 0
2 33 1
3 39 0
2 36 0
3 27 1
2 14 1
3 14 0
1 10 0
2 118 0
1 13 1
0 12 1
0 38 0
0 22 1
0 28 0
0 22 1
3 27 1
2 9 1
2 239 0
1 40 0
1 65 1
3 12 0
0 9 0
1 14 0
0 13 1
0 39 0
0 29 1
1 12 1
1 42 0
1 58 1
3 13 1
3 40 0
1 19 0
0 7 0
0 30 1
3 62 1
0 13 0
1 13 1
1 44 0
3 16 0
3 13 1
1 50 1
0 13 1
1 24 0
3 43 0
1 14 1
0 41 0
0 60 1
0 17 0
3 54 1
3 22 0
1 49 0
3 13 1
1 36 1
1 33 0
3 47 0
0 14 1
3 43 1
1 14 1
1 59 0
1 12 1
3 28 0
3 14 1
0 43 0
3 52 0
1 48 0
1 11 1
0 52 1
3 27 1
3 40 0
0 23 0
3 14 1
1 121 0
1 3 1
0 13 1
3 118 0
1 113 0
0 48 0
0 40 1
0 31 0
0 14 1
0 54 0
3 7 1
3 240 0
0 21 1
0 43 0
0 13 1
0 120 0
0 4 1
0 112 0
